Index	NCD1	NCD2	NCD3	NCD4	HFD1	HFD2	HFD3	HFD4	HFD+LEf-M1	HFD+LEf-M2	HFD+LEf-M3	HFD+LEf-M4	HFD+LEf-H1	HFD+LEf-H2	HFD+LEf-H3	HFD+LEf-H4
P03921	-0.390638261	-1.871993668	0.523260433	1.756642475	-1.531770556	-0.806569599	-0.922113588	-0.29395784	-0.760930692	0.576483984	0.560928266	0.85744725	0.30166701	0.047963794	1.185499014	0.768081977
Q9CPX8	1.037909167	-0.905250868	-1.865287412	0.515875474	-1.747545828	-0.961738677	-0.436891303	-0.336866484	1.052158252	0.796976891	1.560313453	0.217103675	0.306633897	-0.344313291	0.452851066	0.658071989
P26443	-0.381194814	-0.391011129	-1.201589424	-0.324070447	-1.618251058	-0.033316223	-1.408943658	-0.6322504	0.8170466	0.628186795	0.518073868	-0.244102103	0.608261093	0.735169673	0.580519449	2.347471779
P51174	1.445070153	0.456408265	1.145555645	1.702658147	-0.858709633	-0.491188382	-1.248839285	-0.213689797	-0.302942666	0.439268663	-0.423426511	0.154938302	-0.020358775	0.539623783	-0.060541635	-2.263826274
Q91WD5	1.73382678	1.144670864	1.39233211	1.321966595	-0.980553385	0.258871719	-1.871312676	-1.004217777	-0.2327716	-0.066920007	0.019255426	-0.743552522	0.045294007	-0.164679302	0.050560887	-0.90277112
P61922	1.655358581	1.080064558	1.212653664	1.863958295	-1.209741139	-0.170104299	-1.12008473	-1.192068128	-0.340507103	0.180993672	-0.610187396	-0.13808851	-0.661850933	-0.029955703	0.397761175	-0.918202004
Q99LC3	1.069242009	1.571327297	1.496327235	1.823940937	-0.515865106	-0.444901684	-1.287316814	-0.700719754	-0.853076255	-0.982900632	-0.285666633	0.336123707	-0.62844418	0.431036712	-0.189771377	-0.839335462
P97364	0.809271538	1.426608624	1.70546007	0.914890263	-0.967818932	-0.849541525	-0.969233961	-1.112674482	1.472547693	-0.252104424	0.161045192	0.248174091	-0.242053358	-0.789140147	-0.26884285	-1.286587792
Q9DB77	1.676043812	1.3893316	0.411875449	0.723793024	-1.691121575	-0.215992763	-1.70108831	-1.161972695	0.411270347	0.130055009	0.245315915	-0.79275298	0.061385296	0.286659831	-0.732049785	0.959247825
Q3UNX5	1.333328849	1.209894278	0.254802337	0.932548027	-0.923087856	-0.382381006	-1.606617509	-1.617855584	0.312297742	-0.767884925	-0.151205503	-0.212586943	0.418626688	0.592224098	-0.953202157	1.561099465
Q8K2B3	1.675497482	1.4654414	1.2871607	0.88234413	-1.011983165	-0.821722448	-1.544586098	-1.261362884	-0.040577965	-0.167602825	-0.21635261	-1.232915033	0.13568635	0.068965921	0.326988646	0.455018401
Q8VCX1	1.443432752	1.326186224	1.467155876	1.246330777	-0.688205213	-1.165351486	-1.322426089	-1.620862789	0.248473675	-0.263640383	0.120993369	-0.574629059	-0.5189244	-0.053518656	0.642750859	-0.287765456
P51881	1.66448539	0.333202205	0.619186338	1.769848556	-1.032228855	-0.809768309	-1.067891154	-1.772079551	0.041426639	-0.840171699	-0.303707843	0.110185778	-0.33782302	0.676281331	-0.144752199	1.093806393
P53395	1.43872772	1.26625786	0.770408385	1.991791691	-0.339642209	-0.498001557	-1.562537953	-0.635807177	-1.088516468	-0.101213774	-0.75154064	-0.992182556	-0.237968327	-0.242582537	0.164318208	0.818489333
P56480	1.754696381	0.927967247	1.057367209	1.834005015	-1.188344295	-0.156258643	-1.623236352	-0.737629305	-0.433755246	-0.18910523	-0.628906008	-0.62352197	-0.824490657	0.20430431	0.178348312	0.448559232
Q9DBF1	0.971700749	2.028103276	0.651945835	1.624109737	-1.102206829	-0.520360974	-1.638152923	-0.824658043	0.189566234	-0.644407644	-0.330300678	-0.833194962	-0.242766735	-0.301731258	0.209261175	0.763093041
P23589	1.943948806	1.798089338	0.944962327	1.370158088	-0.858849247	-0.303401383	-1.165998616	-1.083183178	-0.198082765	-0.919235741	-0.355981849	-0.650071899	-0.302756568	-0.530466274	0.145082106	0.165786855
Q9DCM0	1.150956717	1.711566618	1.548073583	1.839503269	-1.161478722	-0.656585997	-1.064730918	-0.853144494	-0.160318262	-0.370520644	-0.804063839	-0.410731961	-0.225653692	-0.538658379	0.045854785	-0.050068064
Q8R0Y6	1.781795634	1.416361975	1.75439147	1.504219977	-0.47134265	-0.776504627	-0.936854703	-0.914798652	-0.394168228	-0.470994949	-0.492460456	-0.830390473	-0.718281018	-0.324854632	-0.073001266	-0.0531174
Q9JHI5	1.424654849	2.125279054	1.200043117	1.218357551	-0.913889659	-0.433299305	-1.02250049	-0.994373609	-0.152722902	-0.434759085	-0.357082964	-0.445613875	-0.805052458	-0.165567886	-0.905393902	0.661921564
Q3UIU2	-0.978016663	1.219558806	0.874946278	0.6498769	-1.281462535	-0.285703239	-0.958414573	-1.545966526	-0.575755261	-0.375129266	-0.122442625	0.22498625	0.562607959	0.847048892	-0.401559431	2.145425033
Q8BGA8	0.425087366	0.62802318	0.075042856	0.405089988	-1.581802338	-1.167910029	-1.691908586	-0.738222264	-1.084944797	0.277827313	-0.084716801	0.560143063	0.506258706	1.288733239	0.348090578	1.835208526
Q9D6J5	1.784320488	0.23613709	0.825589979	0.004452421	-1.352769201	-1.015071714	-1.639666263	-0.830364406	-0.449985167	-0.265974934	-0.244302245	0.287359177	-0.298263886	1.227904867	0.049624288	1.681009506
Q9D404	0.669020585	1.312636228	1.261985843	0.892540454	-1.415446212	-0.919763787	-1.802881329	-1.136790375	-1.057478648	0.085028607	0.250278653	0.553383218	-0.457238444	0.583271017	0.199267271	0.982186921
P63017	-0.646571719	-1.041518997	-0.251875406	-0.125789275	0.741724792	0.259330082	3.053575117	1.20600668	-0.811734085	-0.017856308	-0.254709316	-0.503745502	-0.523822978	-0.577332142	-0.645467014	0.139786072
Q9WV54	-0.53552709	-0.403685647	-0.741895105	-0.501536854	1.392705176	0.37057272	2.942905159	0.751834647	-0.769289199	-0.485590301	-1.055484032	0.288352758	-0.438097901	-0.202889174	-0.308422616	-0.303952541
Q3TW96	-1.179160629	-0.998923192	-1.045322961	-1.128806996	1.334160302	0.670251637	2.511124944	0.849701123	-0.804329413	-0.019061342	0.004346	0.380923797	-0.318595312	-0.270093942	-0.095298454	0.109084437
P01029	-0.677326974	-0.834913841	-1.166596336	-0.799876983	0.257925301	0.696802645	2.350916901	2.035019239	-0.361720161	-0.667383604	-0.300756233	0.171589173	-0.24736417	-0.294363306	-0.699898849	0.5379472
P08113	-0.682592725	-0.681298475	-1.133150388	-1.067516089	0.66169145	1.684777789	1.843699905	1.682380681	-0.272390434	0.032803546	-0.47657003	-0.535261631	-0.628807923	-0.83402048	-0.231571121	0.637825925
P11499	0.577179261	-0.751109492	-1.086092893	-1.3634374	1.781945285	0.373629625	1.584995388	1.358462924	-1.18654222	-0.553161929	-1.159766097	0.251914321	0.054731906	-0.224217249	-0.109997962	0.451466532
Q8BVE3	-0.337139632	-1.3328057	-0.148236787	-0.43410299	1.922509414	0.900672744	1.945289564	1.319618786	0.059281821	-0.990488101	-0.377024289	-0.48746789	-0.188624593	-0.292824877	-1.067739679	-0.490917791
Q9QUJ7	-0.971153014	-0.981344269	-0.278138757	-0.558855943	2.261966365	0.572459693	1.583987848	1.101600186	0.29848742	-0.594707772	-0.001698281	0.705183213	-0.771097262	-0.989330226	-0.494490361	-0.882868838
E9Q414	-1.011975566	-0.847870941	-0.535932574	0.111567329	2.647163638	0.38805066	1.480179383	0.880968525	-0.001630215	-0.194113294	-1.224304631	0.243848362	-0.904274769	-0.442445794	-0.45133209	-0.137898024
Q9Z1G3	0.17506311	0.397969015	-0.662629928	0.069618542	2.053205721	-0.259368849	2.384563646	0.583404122	-1.11689915	-0.8290337	0.066416001	-0.817965789	-0.466551634	-0.008887323	-0.763242657	-0.805661128
P51660	-1.20509273	-1.284952719	-0.647042715	-1.797962492	1.757461169	0.603019348	0.531156473	1.613766579	-0.109950974	0.305473036	0.521102173	0.476540002	0.517170614	0.129111709	-0.593770609	-0.816028863
P20029	-0.96108094	-1.220926218	-0.860700959	-1.749663724	1.756245941	1.290561029	1.276882343	1.182799618	0.383500775	-0.104089841	-0.466349021	0.079075467	0.034431299	-0.549354981	-0.442750606	0.351419819
Q9WUZ9	-1.01206369	-1.055138636	-1.048360425	-0.904515129	1.460439858	0.028041256	1.717698392	2.212146153	-0.497391248	-0.311782823	0.506850921	-0.208453951	-0.229278687	0.064036988	-0.311020569	-0.411208409
O35405	-1.331260804	-0.900041115	-1.519451121	-1.233452668	0.703298131	0.387800232	1.978436113	1.720274329	0.0140942	0.390148246	0.131839975	0.16123078	-0.396735923	0.60954854	-0.567731996	-0.147996917
Q8BHN3	-0.85252979	-1.195434125	-1.07521582	-0.60295454	2.421784686	0.696166923	1.126237194	1.182005281	-0.750818342	0.057919719	-0.173330751	-0.615051787	-0.049181184	0.497140242	-0.989874339	0.323136633
Q9QXD1	-0.850884755	-1.384989892	-1.158235444	-0.966991667	2.459089489	0.542775128	1.039552198	1.196490575	-0.864307782	0.001638471	0.225338336	-0.244310625	-0.345218229	0.437913875	-0.209658479	0.1217988
P07901	-1.294891119	-0.477782221	-0.320922941	-0.821046729	-0.131677505	2.500233151	1.182983392	1.498365578	0.156688792	0.052706997	-0.370852091	-0.646003285	-0.175762626	-0.856887705	0.564439172	-0.859590859
Q9CQU0	-0.172217788	-0.819846886	-0.339980794	0.028676756	1.41779688	0.311290489	1.240713158	1.659075923	0.433664122	-0.293787075	-0.04445402	-1.676577635	0.863472247	-1.584647281	0.164956893	-1.18813499
P57746	0.067382515	-0.268392852	-1.075282985	0.16188567	0.363007101	1.006496087	1.510183538	1.689253133	-0.848124524	-0.324638798	0.451329801	0.633516066	-1.12408713	-0.109276727	0.047220521	-2.180471418
P29452	-0.438647288	-0.603365168	-1.688202937	0.404074714	0.779420779	0.939531258	1.706095801	1.782409127	-0.631988456	-0.0916997	-0.131134518	0.17344237	0.104425565	0.108103499	-0.72426211	-1.688202937
Q8C0N2	-0.647752501	-0.243314348	-0.32167964	-0.616213819	1.098599769	0.78191718	2.111604173	1.34753068	-0.275700376	-0.52060696	0.38924075	-0.708823823	-0.106906958	0.37317196	-0.539114736	-2.121951351
Q8BML9	-0.823687571	-1.456092612	-0.619113418	0.602059343	0.517188076	1.109337129	1.663032893	1.006256498	-1.066328236	0.167989178	0.137139903	0.740343116	-0.579872338	-0.661708033	0.935887502	-1.672431428
