Index	NCD1	NCD2	NCD3	NCD4	HFD1	HFD2	HFD3	HFD4	HFDLEA1	HFDLEA2	HFDLEA3	HFDLEA4
Q9QY30	1.692560829	1.258932195	1.189688646	0.533454885	0.274453692	-0.449142926	0.168658494	-0.631461243	-0.886552323	-0.993277734	-0.926058835	-1.23125568
Q9D2G2	0.397586203	0.589484877	0.468362682	2.005200219	-0.783535016	-0.496848158	-1.243584423	-1.833072635	0.667225509	0.091534085	0.1778116	-0.040164943
Q8K2C6	0.144196301	1.420282935	0.344523839	1.692900309	-1.102783472	-0.453600469	-1.528922376	-1.313525254	0.02836783	-0.091451205	0.191698539	0.668313023
P16332	0.413839441	1.943283062	0.930460805	1.434480357	-1.153977508	-0.557750837	-1.273087965	-0.62887332	-0.134512043	-0.393651358	-0.036595082	-0.543615551
Q8VBT2	-0.170936221	2.211060627	0.760257991	0.902496325	-0.880132409	-0.981858828	-1.463487992	-0.760261528	0.345512754	0.075254702	0.210464625	-0.248370045
Q60936	0.851001544	1.929986507	0.255267128	0.658567688	-1.385204964	-0.711743986	-1.368998665	-0.655366864	0.812670602	0.035283271	0.324314078	-0.745776339
Q8CHT0	1.119717947	1.787808177	0.789310095	0.970690537	-0.497487808	-1.084433692	-1.276377459	-1.103170861	-0.473348606	-0.417250943	0.479519248	-0.294976636
P52840	0.682032928	2.06511707	1.021311368	0.738368863	-0.815090489	-0.84060189	-1.108352158	-1.194965007	-0.505443034	0.200469705	0.284371212	-0.527218567
P36552	0.717247029	1.575754167	1.059030238	0.674386545	-0.783489009	-0.775387638	-0.704058475	-1.891760318	-0.36583469	-0.231178444	0.948467403	-0.223176809
Q9WTP7	0.851919371	2.004277879	0.43256656	1.289514524	-1.257648511	-0.912452153	-0.563608374	-1.076451228	-0.532727703	-0.45453404	0.077325096	0.141818579
Q9JLC3	0.220253651	1.239658332	1.493203793	1.525594764	-1.077728142	-0.74435511	-1.077728142	-1.077728142	-0.479993426	0.522418428	-0.561640386	0.01804438
Q9CZS1	0.903393412	1.485807312	1.42824354	1.194835443	-0.915171013	-1.086403159	-1.252647091	-0.632100412	-0.338373334	-0.052507221	-0.627189643	-0.107887834
Q8R0Y6	1.457171671	1.503086313	0.412261288	1.23900592	-0.832850049	-0.961750666	-1.360404726	-1.125459449	-0.072470649	0.083945337	-0.400788466	0.058253477
Q9QXF8	0.846203481	1.737615061	0.752300352	1.339562396	-0.76084796	-0.849494026	-1.334893595	-1.324266227	-0.212647161	-0.130882869	0.012189917	-0.074839369
P35492	0.967432601	1.682091258	0.937203938	1.044013378	-0.696234356	-1.032127013	-1.479118158	-1.104147274	-0.237886501	0.369344195	-0.311469301	-0.139102767
P16460	1.103993968	1.718006066	0.437219507	1.26318186	-0.596352115	-0.866633606	-1.403476269	-1.293043037	-0.380559149	0.318187523	-0.110004121	-0.190520629
Q571F8	0.953431271	1.866991615	0.603366431	1.017022907	-0.96388744	-1.028287279	-1.529197463	-0.878906928	-0.294775743	0.109258072	0.082694232	0.062290325
P97364	1.077956354	1.685517271	0.432558871	1.160044862	-1.21415166	-1.066745975	-1.53910027	-0.356224922	-0.555206716	0.131015149	0.145870235	0.098466802
Q9DBT9	1.18077251	1.377013357	0.980649447	0.909163155	-1.164263673	-1.1208421	-1.393050005	-1.067987701	-0.032588265	-0.126709996	-0.001782618	0.459625889
O35215	1.313326786	0.96135903	0.928484085	1.075345287	-1.136187306	-1.509085719	-0.97168895	-1.15823375	-0.129742605	0.153280227	-0.167350051	0.640492966
P11352	1.357975366	1.211450562	1.334365438	1.431134116	-0.951836996	-0.806463979	-0.875547128	-0.627294652	-0.405704332	-0.650396666	-0.371535706	-0.646146023
Q99K67	1.044914298	1.621216601	1.368061191	1.108188398	-0.599601933	-0.825719728	-1.048735912	-1.078763306	-0.575685166	-0.463019064	0.022652985	-0.573508365
Q9DCM0	1.431099663	1.216021846	1.111337048	1.4330652	-0.623039922	-0.718049848	-1.047339316	-1.194617089	-0.53448914	-0.174769422	-0.315120952	-0.584098069
P23589	1.638824028	1.329703119	1.178384196	0.459977655	-1.172062328	-0.652003561	-1.509907861	-0.843219794	0.142679798	-0.288624627	-0.063206254	-0.22054437
P52196	1.16849247	1.177970823	1.709550741	0.855851047	-0.674569137	-0.832477693	-1.417622488	-1.055561302	-0.173044745	-0.438245236	-0.007322868	-0.313021613
Q8C196	1.21554697	1.253630774	1.141718801	0.809946389	-1.029335099	-1.122657331	-1.599582995	-0.849965984	-0.296004612	0.170071924	0.49004083	-0.183409666
Q8QZR5	0.925063501	1.836580323	0.844216033	1.094938332	-0.795359162	-0.887487746	-1.268821824	-1.13548597	0.198883185	-0.19119427	0.057460763	-0.678793165
O35658	0.835086532	1.444436138	1.331300635	0.822358198	-1.15566402	-0.892460743	-1.263394471	-1.191286732	0.250802117	0.186025704	0.293524484	-0.660727843
Q8R059	1.488113527	-0.193215115	1.550023777	1.38753748	-1.072288192	-0.585087904	-1.131635346	-0.913192596	-0.518708742	0.223488162	-0.600775496	0.365740445
P62075	1.749966608	0.936055566	1.348523371	0.507643704	-1.280992029	-0.495123701	-0.962145335	-1.378779946	0.275710128	-0.109985283	-0.225883472	-0.364989611
Q9D0B5	1.333058572	1.099483673	1.598735754	0.789419004	-1.177906471	-0.628939252	-0.94855696	-1.125233663	0.131653554	0.164348147	-0.81519194	-0.420870419
Q99N87	0.957973732	0.459471382	2.1513435	0.593505556	-0.490068686	-1.210972079	-1.120234903	-1.270845881	0.423943391	-0.141929183	-0.337584621	-0.014602208
Q8VCX1	1.104441719	0.927423633	0.942474528	1.175366272	-0.645113218	-1.626670615	-1.216399271	-1.321268839	0.27460069	0.038811769	0.509215488	-0.162882156
A7MCT6	1.208019506	0.849399956	1.073562993	1.440209908	-0.71981394	-1.349651616	-0.803429313	-1.368366672	0.276476978	-0.143887045	0.283881926	-0.74640268
Q8BWM0	1.330625619	0.579643486	0.994892902	1.595988783	-0.96754021	-1.352532131	-1.070200749	-0.789623002	0.271009519	0.243925022	-0.006030509	-0.83015873
Q9WVT6	1.006710838	0.362816962	1.489855074	1.558906657	-0.420001661	-1.106526527	-1.566443338	-0.799887468	0.384824234	-0.526597897	0.133502666	-0.51715954
Q8BK72	1.747240122	0.357899637	1.482576432	0.933988274	-1.164135606	-0.977704672	-0.991256583	-0.800926889	-0.493094139	-0.126617621	0.542235229	-0.510204183
Q9CPQ8	0.525641843	0.812596347	1.466996642	1.061267919	-1.938398386	-0.935220569	-0.541664841	-0.87054673	-0.19327606	-0.115359733	0.990923519	-0.262959951
Q922D8	2.246208142	0.373780326	0.196770198	0.731053589	-1.184779328	-0.734411832	-1.398214987	-0.519214614	0.856145397	0.098130476	-0.098223883	-0.567243482
Q61176	1.668182008	1.009338767	0.516915263	1.514123373	-0.747586145	-0.773449742	-1.305519502	-1.044915481	-0.403747757	0.213579179	0.042198979	-0.689118942
Q8BGT5	1.381272094	1.649815092	0.026669914	1.322789712	-0.856730479	-0.75446832	-1.099285768	-1.096072425	0.173932723	0.147635518	0.028476771	-0.924034832
Q99J99	1.240061964	0.783915099	0.504722597	0.696303186	-1.162130767	-1.389349441	-1.491474829	-1.193317655	0.35337183	0.803419899	0.574505531	0.279972586
Q9WU79	1.598309315	1.2881381	0.748390777	0.592755423	-0.93097424	-1.031032136	-1.096108506	-1.455795622	0.442095329	0.245658035	0.178592321	-0.580028795
Q8VBW8	1.229196116	1.467819988	0.257432322	0.963277346	-1.14106855	-0.535660689	-1.501710976	-1.361361532	0.082013509	0.696313195	0.185702643	-0.341953372
Q8CHR6	1.164353495	1.089055797	0.777080226	0.955197859	-0.987973094	-0.834399218	-1.718736917	-1.319226635	0.08038233	0.521806416	0.496363856	-0.223904116
Q8VCR7	1.733956584	0.153215089	-0.392751547	1.559836793	-0.555618083	-1.181711953	-0.548310889	-1.356024721	0.958815822	0.493961727	-0.42231457	-0.443054253
P70441	1.364143061	0.613764356	-0.493214347	2.145957579	-0.729387883	-0.842067112	-0.883765664	-1.141455279	0.501308569	-0.224307848	-0.501168165	0.190192734
Q03265	1.835984475	0.368018213	0.906997946	0.255193892	-1.139210051	-0.602111526	-1.829079691	-0.808096609	-0.127142118	0.595315501	0.734914612	-0.190784645
P56480	2.01082575	0.483786246	0.779850443	0.432958203	-1.124969929	-0.433418756	-1.701150499	-0.835530121	-0.360278207	0.474534369	0.631228051	-0.357835551
Q8BH59	1.413297886	0.846982097	0.885906831	0.280301844	-2.049866424	-0.769888883	-1.318795017	-0.351636536	-0.287375543	0.562646558	0.558980105	0.229447082
Q8R086	1.119070318	1.255884068	-0.665751541	1.616285516	-1.222239639	-1.022542413	-1.107341658	-0.621316239	-0.561262949	0.231139265	0.730257073	0.247818198
Q283N4	1.770590225	0.788116217	-0.50159388	1.163263958	-1.518779055	-0.73576161	-0.838913266	-0.835208929	-0.678810495	0.026799265	0.718959952	0.641337618
P50247	1.420171744	0.653575427	-0.389493698	0.961825614	-1.405648187	-0.783119465	-1.427176427	-1.004897864	0.009057113	0.116333957	1.169286294	0.680085492
P50136	1.422620841	1.333727656	-0.616580611	0.688941881	-1.329644522	-0.323269789	-1.034003112	-1.131994969	-0.384334585	0.131242713	1.39029757	-0.147003073
Q9D7N3	1.538228233	0.239556247	-0.178556904	1.320639318	-0.882336974	-0.210105989	-1.10900728	-1.71444782	-0.79476641	0.826249169	0.602869067	0.361679345
Q9DCW4	0.878264429	0.502813286	0.825807413	1.19332449	-1.066469787	-0.774421821	-1.475382498	-1.193570075	-0.686352205	0.17699913	1.408839564	0.210148073
Q9D6J6	1.403201013	-0.472633324	0.760836628	1.107104822	-1.017486235	-0.385649185	-1.260508642	-1.667954396	0.286721353	0.120966127	1.161878344	-0.036476506
Q91WK1	1.336929473	0.201391264	0.757637163	0.699304163	-0.135683839	-1.435248821	-0.782129808	-2.067766758	-0.318251683	0.716551592	0.535031703	0.492235551
Q9DCS9	1.288284508	0.932920941	1.532432393	-0.091524551	-0.680983028	-0.442967046	-1.292727475	-1.74640462	0.143863691	-0.393777163	0.745951151	0.004931199
Q8C5H8	0.583798577	1.32005017	1.696029633	0.400677883	-0.972575822	-0.709487846	-1.247324412	-1.243826126	0.317944343	-0.657013914	0.831928302	-0.32020079
Q9EQ20	0.538262351	1.083087171	1.652233962	0.557638747	-0.753038259	-0.848161734	-1.811546919	-1.037149887	0.152409609	-0.431495886	0.795381544	0.102379301
P61922	0.155593601	1.478064367	1.685195654	0.998019828	-0.998844487	-0.621893855	-1.271154338	-1.326047454	-0.020972647	-0.220566368	0.333269779	-0.19066408
Q9WVA2	-0.009038669	2.042345623	1.366499166	-0.125081542	-1.742566588	-0.285831158	-1.060388231	-0.72755278	0.011387702	0.27707514	-0.053480111	0.306631449
Q9DCL9	0.082987338	1.834163936	1.724143241	-0.225764124	-0.791029941	-1.509444623	-0.490687015	-0.991588915	-0.059751777	-0.379631066	0.448845238	0.357757706
Q8BKZ9	0.611114263	1.119080558	2.057118923	-0.699091245	-1.359376474	-1.119865675	-1.015916012	-0.494408386	0.16940699	0.038729934	0.297941907	0.395265217
Q9DBG1	0.17276882	1.217162781	1.391791179	0.377243203	-1.167114423	-1.319013662	-1.333087442	-0.66261596	1.073705389	-0.689858375	0.365803603	0.573214888
Q99MR8	0.748405053	0.648296624	1.16498485	0.220134277	-1.099130074	-0.682195932	-2.02125517	-1.032366226	0.213868428	1.207536469	0.108735665	0.522986035
P13634	-0.131780848	0.724219776	1.41469114	-0.178874531	-1.251165908	-0.265396273	-1.381342242	-1.028427735	0.030016489	1.910355169	-0.204323973	0.362028936
Q8K3J1	0.019971971	0.79619386	1.376327317	0.433006351	-1.097491012	-0.796100362	-1.140485373	-1.480652267	-0.656840715	0.901646804	0.400231937	1.244191489
P11725	-0.300022887	0.586202481	1.303190231	0.154892213	-1.269914929	-0.795843871	-1.653330295	-1.060311526	0.431593992	0.553182445	0.755026582	1.295335564
Q80W21	-0.248298126	0.680080169	2.018767922	-0.105862251	-0.534843231	-0.927453432	-1.452149438	-1.416685488	0.208403379	0.689223527	0.454901163	0.633915806
A2ATU0	-0.465379767	0.78194183	2.026562024	0.579151054	-0.920307431	-0.825512567	-1.567011193	-1.048238815	0.242267641	0.139543867	0.457496614	0.599486744
Q9CR24	0.132694857	-0.197352012	1.626921876	-0.058909434	-0.805974227	-1.103584398	-0.809885693	-1.765969585	0.382891375	0.460562351	1.016843716	1.121761173
Q91ZA3	1.007316393	0.124058324	0.893319591	0.465111542	-0.833085009	-0.918007353	-1.942894576	-0.665252316	1.213930548	0.719992146	-0.809197337	0.744708045
Q922U2	0.187135247	-0.220470733	1.85658152	0.038353202	-1.694737941	-1.055802103	-0.320576593	-0.643927869	1.526834454	0.208015207	-0.480245376	0.598840984
P60334	-0.253647376	0.59474401	0.993159108	0.630305097	-1.487210838	-0.85385258	-1.058780044	-1.487210838	0.47153845	1.344098703	0.929663585	0.177192724
P49429	-0.344353928	1.266439539	0.276541989	0.854592118	-1.093674113	-0.713448467	-1.142225047	-1.730838955	0.530294905	0.911246768	1.163210177	0.022215014
Q3UEG6	-0.247423417	0.472594322	1.074880637	0.298225112	-0.946503456	-0.932284422	-1.466085843	-1.318725688	0.876983566	-0.089570934	1.611237334	0.666672789
P17665	0.224204774	0.944564141	0.446078288	1.038102729	-1.226795433	-0.945428116	-0.80229954	-1.95436381	0.451619539	0.116645783	1.202523513	0.505148133
Q99LC3	-0.812505112	0.968766884	1.598346762	0.610724208	-0.928292891	-1.097736097	-0.149842662	-1.503965149	0.089821098	-0.250653024	1.431681901	0.043654082
Q9DBF1	-0.168718894	1.340703375	1.031449066	0.891001585	-1.032653992	-1.445001696	-1.318205567	-1.098520796	0.524272071	0.130492498	0.939911587	0.205270764
Q9DCV4	0.04678283	1.040561959	1.306764001	1.571057627	-0.907142392	-1.406754147	-1.038915409	-0.932881191	-0.330720549	0.372753357	0.731112772	-0.452618859
P56380	-0.479638426	2.236774491	0.485486464	0.661052444	-0.612021731	-1.731058372	-0.336222945	-1.066065415	0.446827185	-0.21492667	0.449209776	0.160583199
Q8BP40	0.053763571	1.207131794	-0.150336847	0.969529422	-0.969686614	-1.175981721	0.156630298	-2.024843933	1.141418177	-0.259752485	0.205276959	0.84685138
Q9D6J5	0.102489879	1.454630377	0.574261102	0.1493841	-0.818574813	-0.65211487	-1.990687303	-0.911880043	0.433112793	0.726264647	1.327189731	-0.394075599
Q9DCX2	1.163164297	0.797980351	0.412912335	0.242827122	-1.283489476	-0.706838959	-1.499731637	-0.947585922	-0.651875265	0.784922277	1.558524797	0.129190079
Q9CR68	0.802071997	0.484352042	0.13818576	-0.252916585	-1.146437875	-0.651910617	-1.483891936	-0.742095051	-0.367152364	0.921830713	2.129334473	0.168629443
Q91X83	-0.38793455	0.63330557	-0.10211963	0.2396656	-0.715453924	-0.85006249	-0.849901036	-1.451315536	-0.235718009	1.43896207	2.032125279	0.248446655
Q8VDK1	-0.194870257	1.17433154	0.927228328	0.34501187	-0.529821569	-1.358737455	-0.613892343	-1.625302898	-0.565790805	1.042651253	1.431963323	-0.032770986
P14152	0.137306015	1.280066116	0.103941052	0.038877875	-1.084677815	-1.091641595	-1.284088892	-1.081447793	1.921982093	0.470331517	0.129226078	0.46012535
Q91X52	0.122347835	1.461081018	0.207934726	0.430502763	-1.837924014	-1.17863199	-0.915389013	-0.862238792	1.094050769	0.035505132	0.590642893	0.852118673
Q91XD4	0.288131798	0.891094209	0.067751687	0.503405016	-1.226938174	-1.294237796	-1.832554363	-0.353250475	1.359361783	1.093908017	0.128608803	0.374719494
O35490	0.459175562	1.125232396	-0.068378617	1.219588966	-1.310553979	-0.989833292	-1.425313991	-1.253546899	0.877389161	0.915122303	0.121393399	0.32972499
Q91YI0	0.162958184	0.91425854	0.541965988	1.019227538	-0.977093204	-1.340599123	-1.709766875	-1.172391233	0.888899333	0.610711602	0.411642719	0.650186531
O08600	0.220812589	1.933379353	-0.02160208	0.937815206	-0.835314207	-0.995124733	-1.740189381	-0.487728384	-0.568114413	0.557527555	0.147821936	0.85071656
Q91W43	0.567538322	1.78610153	0.892152906	0.461946797	-0.789762429	-1.026358318	-1.789892191	-1.020814609	-0.241826148	0.288352859	0.565099236	0.307462043
Q8K4H1	0.444864034	0.687801452	0.779429513	0.609969759	-1.560508144	-1.458855448	-1.482088874	-0.56504118	0.031369022	0.551260339	0.837813842	1.123985684
Q8BVI4	1.033661007	0.66502237	0.411503206	1.150276469	-0.217717908	-0.688167184	-2.085110979	-1.526401352	0.117079026	0.826341342	0.318871557	-0.005357554
Q9CXZ1	0.28584148	1.056809506	0.202133024	1.295033349	-0.376304354	-1.182392459	-1.772291526	-1.375062863	0.069602407	0.774627339	0.949675595	0.072328503
Q9DB77	1.289756565	1.266967174	0.173689592	0.188670348	-0.592717583	-0.596033504	-1.626762272	-1.632874453	-0.262725097	0.296874241	1.178535763	0.316619226
P16331	0.307042714	1.68813674	-0.027650025	0.772098983	-0.166379962	-0.647581449	-1.469085837	-1.981821955	0.152132291	0.282803996	0.883263171	0.207041331
P26350	0.881082915	-0.099493832	0.05327195	0.271197006	-1.426058581	-1.701589791	-0.941505072	-0.527861687	0.910218179	1.616193395	0.744508576	0.220036943
Q80X85	1.05505156	0.49513927	-0.599439028	0.366849864	-0.850808843	-1.436533473	-0.62412033	-1.151774771	0.687664248	1.601435237	1.095012705	-0.638476439
Q9CQJ8	0.651848565	1.259944722	0.545293787	0.116160349	-0.9853443	-1.112632915	-0.992865227	-1.340403707	-0.684849016	1.662030601	0.622331687	0.258485454
Q99JW2	1.424736998	0.41453537	-0.654055455	0.078500745	-0.740268711	-1.067725757	-1.089182994	-1.248828027	-0.330169349	1.420107956	0.58118998	1.211159244
Q9D2R0	0.466546769	0.711099959	-0.815722969	0.275033804	-0.34058683	-0.602986654	-1.686208109	-1.033071698	1.220360423	1.893341528	-0.227777419	0.139971196
Q60759	0.693000403	0.243421659	-0.106177577	-0.038757064	-1.043967089	-0.537996511	-2.011430025	-1.023992132	1.253135903	0.837133837	1.181387595	0.554241002
Q78JT3	0.036107126	0.375021249	-0.53193044	0.463056485	-0.612637675	-0.930606975	-1.639623191	-1.331268123	1.46892	0.693033377	0.985420483	1.024507684
P99025	0.390921429	0.303134482	-0.293510527	1.011963448	-0.579329348	-1.736351921	-0.79921755	-1.150283506	1.703126779	0.848632581	0.727751362	-0.426837229
O08749	0.396604933	-0.340369011	0.115593017	1.278548526	-0.658121024	-1.039316025	-1.284455541	-1.03361839	1.001366579	0.379930123	1.816560102	-0.632723289
Q9QWG7	1.26095929	0.279901183	0.552008948	-0.307864714	-1.337892968	-0.253799171	-1.921501341	-0.590936733	1.428794603	-0.028309022	0.994199446	-0.07555952
O54749	0.995820738	0.947820567	0.388463039	0.338015636	-1.23127482	-0.447040069	-2.187140675	-0.57761332	1.010389165	0.184288718	0.917493632	-0.339222612
Q91VD9	1.308375886	0.067050727	0.35233657	-0.152972683	-1.19788207	-0.42300175	-1.095163317	-1.843753438	0.622746226	1.187402636	1.054103062	0.120758151
Q9JLZ3	1.011324296	0.473254394	1.600793826	-0.513616626	-0.705992551	-0.780310484	-1.150109142	-1.452014379	1.161107835	0.742021339	0.262326254	-0.648784762
Q9R257	-0.369839769	-0.425160809	-0.59318235	-0.659500915	-0.889434119	-0.552238831	-0.749434714	-0.820684307	0.801088189	2.181449951	1.098105007	0.978832668
Q8R164	-0.403878898	-0.199555867	-0.34306318	0.269249419	-1.117691345	-1.408227028	-0.69976115	-0.779156932	0.484790647	1.48497746	1.63835673	1.073960145
Q9D8X1	0.439973617	0.165141058	0.251201874	-0.154599853	-1.398181459	-0.635958054	-0.834764345	-1.256719345	-0.059886965	0.041706451	1.468742418	1.973344603
P05202	0.030781882	0.361021509	-0.092809946	-0.042566611	-0.338571967	-0.86419467	-1.377686558	-1.377751087	0.07256193	0.309869737	1.116397671	2.202948111
Q9CXE7	-0.239971962	-0.438749808	-0.96297612	-1.02920533	0.707470051	0.43315183	1.795672345	1.653095202	-0.516086025	-0.79383506	0.415555444	-1.024120567
O55137	-0.267063652	-0.244557443	-0.866771219	-1.350374173	0.492891333	0.645216779	1.567172651	1.899154114	-0.723129053	-0.815128596	0.236096818	-0.57350756
Q8VCR2	-0.925528882	-0.581576063	-0.362256834	-0.933068119	0.781263759	0.217852818	1.236704768	2.382125262	-0.52789044	-0.699932454	-0.282416308	-0.305277505
Q91VR7	-1.011742388	-0.021165682	-0.514348868	-1.011742388	0.445919273	1.109039736	1.404613471	1.910221431	-1.011742388	-0.56264899	-0.254816196	-0.481587011
Q8JZZ0	-0.631048227	-0.196554871	0.040637279	-0.983966931	0.265075311	0.863927919	0.620934336	2.476307636	-0.120853476	-1.264025237	-0.343218013	-0.727215727
P29416	-1.220123183	0.427679078	-1.511628997	-0.311013123	0.869413315	1.742894589	0.801297655	1.080923096	-0.336386978	-1.047430736	-0.316789285	-0.178835431
Q9DBE8	-0.94294926	0.29307426	-0.977309363	-1.606055236	0.444554945	1.334585485	0.996594378	1.366436486	0.079946554	-1.059766581	0.545003478	-0.474115146
Q9ERG2	-0.71570296	-0.442773711	-0.85667352	-0.297118359	1.745405159	1.573637287	-0.127434614	1.236773469	-0.968764056	-0.944826548	0.422772125	-0.625294272
Q64310	-1.073851354	-0.315453214	-0.896211789	-1.248580636	1.138677758	1.077483377	0.200101733	2.115797551	-0.439162229	-0.382457749	0.079607925	-0.255951374
Q64726	-1.009601693	-0.855530271	-0.970205084	-1.086982933	0.906181154	0.826350534	0.708659325	2.144723429	-0.544450833	-0.337504168	-0.097834253	0.316194794
P51863	-1.15623094	-0.384541684	-0.834981871	-0.895625148	1.152028211	1.235572331	1.182404199	1.045052892	-1.168357445	-0.981422086	0.306233728	0.499867811
Q6NSR8	-1.110078932	-0.653047946	-0.143457683	-1.837848566	1.1659131	1.344749426	0.750331524	1.156458664	-0.600253619	-0.607000446	0.308530332	0.225704146
P70349	-1.310714988	0.219669705	-0.361958088	0.048484613	1.57195132	0.295530671	1.141155466	1.014280324	-1.173990337	-0.526875731	-1.491784535	0.57425158
P26638	-1.336354436	-0.318702066	-0.148865727	-0.691491712	1.436592666	0.917019697	1.093591005	1.249877847	-0.845762194	-0.346831676	-1.40027216	0.391198755
Q9EPU0	-0.777326675	0.42863117	-0.461506355	-0.574632357	1.045187249	0.157186555	1.695730379	1.533127595	-1.004958687	-0.47678792	-1.439747477	-0.124903475
Q9JHU9	-1.252783354	-0.107679545	-0.201551236	-0.754916727	1.740157471	0.327756507	1.579554	0.56636504	-1.142898832	0.698621004	-0.664116906	-0.788507423
Q9QZQ8	-1.517503723	-0.393954618	-0.250720795	0.095134235	0.480829836	0.747316783	0.731293779	2.038079846	-1.43620238	-0.811139319	0.49085204	-0.173985684
P45700	-1.930162158	-0.955934156	0.775273789	-0.925898686	0.909126924	0.61508041	0.845078303	1.37770802	-0.855855881	0.216703732	0.353846363	-0.42496666
Q9ER00	0.200069309	-1.821119181	0.15234222	-0.854389579	0.492941153	1.568646577	0.965508786	1.079452479	-0.784246977	0.007323709	0.192290494	-1.19881899
Q922K7	-0.175991132	-1.114563572	-0.289282138	-0.82282244	0.836424178	1.004949507	0.912371368	1.73811315	-1.592569139	0.155159457	0.235488032	-0.887277271
Q3V3R1	0.715988914	-0.942656955	-0.817337544	-0.08237285	1.728375989	1.372064922	1.085009477	-0.076787005	-1.011366038	-0.730422187	-0.098161022	-1.1423357
O54754	-0.752035694	-1.130912273	0.040785325	-0.573177521	1.776893978	0.781784821	1.774761139	0.563902525	-0.551117214	-0.753446074	-0.478291987	-0.699147025
Q91W90	-0.53977603	-0.669149788	-0.602504469	-0.564790943	1.12419383	1.127340878	2.047957489	0.903475481	-0.742974148	-0.569765695	-0.682769285	-0.83123732
P14602	-0.175258184	-0.625148509	-0.343422053	-0.451090589	1.183737178	0.533114046	2.182461585	0.986662654	-0.997925052	-0.89304956	-0.524740474	-0.875341042
P50427	-0.145374419	-0.303262565	-0.357813515	-0.600091968	1.101314337	0.821518961	1.797007478	0.668907637	-1.116466681	0.028291975	-9.38203E-05	-1.893937419
Q8CIH9	0.11928163	-1.025218816	-0.133170579	-0.218040777	1.30094488	0.327893377	1.545356135	1.003563365	-0.635553665	-0.242704958	0.009783798	-2.052134389
Q8R429	0.056341423	0.810944918	0.125941931	-0.088749107	1.003651251	0.550648198	1.451655381	0.806568273	-1.481716029	-1.406714329	-0.466566174	-1.362005736
P53810	0.637072639	-0.202806021	-0.050954844	-0.209310528	0.703415658	1.372561991	0.388343417	1.32161668	-2.1683087	-1.136929446	-0.222679928	-0.43202092
Q6VN19	0.749659848	-0.751968773	-1.019528484	-0.011950396	0.655694772	1.368562179	1.201369192	0.445338405	-2.175719274	-0.36256545	0.046370876	-0.145262894
Q9DBP5	-0.783642991	0.257925132	-0.738122964	-0.759242258	0.535199607	1.344273072	1.387901626	0.954894523	0.236910863	0.141775291	-0.630315413	-1.947556489
P97429	0.63157266	-0.781337997	0.044487634	-1.26086272	0.103482885	1.376847015	1.42916032	0.984438138	0.123493279	-0.560086104	-0.350851787	-1.740343321
Q08857	-1.3388604	-1.174073715	0.117092478	-0.264325671	1.322881246	1.295326337	1.626914244	0.219437511	0.187571448	-0.261741342	-0.970018752	-0.760203384
Q9JKY5	-0.797267856	-0.870924378	-0.694019655	0.343464568	0.616091883	1.801106218	1.444203987	0.557198412	0.168725005	-0.207654353	-0.927572279	-1.433351552
P41105	-0.512468805	-0.71853977	-0.841313572	-0.815651968	1.664548165	1.260868893	0.966890169	0.594342058	0.323138051	0.448501447	-1.390805167	-0.979509501
Q8K010	0.084539536	-0.836696419	-1.405627351	0.244353225	1.45871863	1.789990382	0.554407415	0.267126149	0.374023518	-0.476963434	-1.214103878	-0.839767774
Q8C025	-0.3519679	-0.470817249	-1.935494189	-0.750312273	0.437583178	0.606967959	0.911913676	2.044958565	-0.078863309	0.534767737	-0.352372013	-0.596364182
P50428	0.083553137	-0.437913476	-1.339761123	-0.939133233	0.966015165	0.385452389	1.300036048	1.586469696	0.556038274	0.083881941	-1.113251728	-1.13138709
Q99L47	0.599900462	-0.441160133	-1.784510537	-0.403260905	0.815786814	1.082493768	0.8727499	1.473612289	-0.517048297	0.0395021	-0.345325571	-1.39273989
Q8CI94	-0.539799976	0.485570883	-0.621254292	-1.730942878	1.50091572	1.268314989	0.696537466	0.714545881	-0.183115494	-0.185589849	-1.470172446	0.064989995
Q9D6Y7	0.250010349	0.329110353	-0.684592263	-0.570375799	0.567425895	1.873278716	0.643001439	0.821020984	0.369728013	-0.778072509	-1.855637942	-0.964897235
P20029	-0.069581658	-1.349242528	-0.326706381	-1.192464859	0.090104525	0.670079095	1.558495009	1.937031196	-0.586246867	-0.148381863	-0.777431253	0.194345585
P08003	-0.339525619	-1.169499317	-0.95863507	-1.211056571	0.143906947	0.856313639	1.485424074	1.981007618	-0.374630535	-0.295557719	-0.135885852	0.018138404
Q8R1V4	-0.360913224	-1.36335638	-0.71927775	-0.680441099	0.061110387	1.509493182	1.117668904	1.865363308	-0.748246158	-0.390066271	-0.509748647	0.21841375
P01029	-0.201033718	-1.608230097	-0.001792605	-1.010153731	0.375687161	1.148586475	1.79467447	0.966818693	-0.548721564	0.087078412	-1.181598392	0.178684895
P24369	0.129663129	-1.330067672	-0.978821948	-1.068990372	0.287651587	0.780912776	1.628291565	1.367863815	-0.582653538	0.624698238	-1.061743788	0.203196207
P97290	-0.992005372	-1.366772685	-1.058296179	-0.395100057	0.254236566	0.812673326	1.795468635	1.362947742	-0.467425941	-0.1510728	-0.530951477	0.736298244
P40142	-0.731866717	-1.2593077	-0.869136253	-0.050363475	0.56825794	0.845846892	1.84823762	1.339698864	-0.718402037	0.428298335	-1.008950492	-0.392312977
P45878	-1.228453471	-1.275166959	-0.52773061	-1.006510962	0.623340067	0.5591886	1.607548761	1.690381862	0.351688919	-0.04741592	-0.260302878	-0.486567408
O08601	-1.357829575	-1.244576719	-0.940960654	-1.020943041	0.643730354	0.961531968	1.396353855	1.469897248	0.351545215	0.031715514	-0.32339894	0.032934775
O35678	-1.27618932	-1.253060269	-0.97696742	-1.143160944	0.643019815	0.824209761	1.153327901	1.735924048	0.281538158	-0.025946331	0.125591481	-0.08828688
O70503	-0.985272314	-0.96748541	-0.86179609	-1.172899748	0.59427891	0.898682571	1.059807228	2.068214249	0.255119112	-0.527489184	-0.229447717	-0.131711606
Q91WU0	-0.646366905	-1.449628132	-1.248474879	-1.221637162	0.666681187	0.510874572	1.281578044	1.695839876	0.231027526	0.010943561	0.34738146	-0.178219149
Q7TMS5	-0.872005857	-1.606992523	-0.388310704	-0.764160318	0.312835159	1.909076366	0.939830665	1.360447107	-0.043317523	0.063780263	-0.567052028	-0.344130606
Q3UVK0	-1.393336371	-1.157270871	-0.801992272	-0.661904031	0.703439867	1.509389852	0.553376439	1.836444886	-0.045826194	0.049340873	-0.23828964	-0.353372538
Q8CIE6	-0.638340557	-1.415731733	-0.410760692	-1.483714816	0.866271799	0.910857427	0.79029985	1.795196838	0.586167012	-0.148519781	-0.249327345	-0.602398002
P13707	-0.831933645	-1.374616157	0.256436059	-1.183302064	0.607622309	0.921243477	1.074003727	1.803967936	0.316499942	-0.604836092	-0.925832052	-0.059253438
Q9WUR2	-0.565521498	-1.118485353	0.382111801	-0.877110227	0.599483591	0.230550674	2.181876624	1.027971875	-0.795792333	-0.556608306	0.52410135	-1.032578199
P47934	-0.951244761	-1.064857357	0.475167799	-0.687784653	1.215804273	0.379986047	2.094071792	0.586355484	-0.64601944	-0.422199864	0.156801893	-1.136081213
Q8CFX1	-1.568606937	-0.360583755	0.585557001	-0.594006464	0.71923197	0.110667182	2.009603133	1.200341697	-0.593925159	-1.08285513	-0.001703191	-0.423720348
Q8R2Y0	-1.040218785	-0.836065043	0.298522558	-0.129399809	0.558401627	0.409914235	1.90690813	1.432470163	-0.072260469	-1.099053286	-0.118583228	-1.310636094
Q64FW2	-0.741179664	-0.930001846	0.116284708	-0.518745198	1.040210459	0.698281388	1.898306999	1.194527588	0.033362789	-1.132710029	-0.977229451	-0.681107741
Q9D379	-0.952086606	-0.950552132	-0.292596527	-0.851804968	1.031256404	0.309619299	2.047394926	1.398655105	-0.253989082	-0.806855085	-0.089213659	-0.589827675
P17717	-0.969851313	-1.162733522	-0.112793143	-0.831259755	0.940252231	0.48554141	1.909097925	1.481493414	-0.299897333	-0.896627368	-0.232898491	-0.310324055
Q9DD20	-0.399586344	-0.871629641	0.006644841	-0.85927556	0.863952491	0.494700164	1.714649122	1.751265411	-0.609679902	-1.220324697	-0.20718636	-0.663529525
P21440	-1.103034486	-0.614706957	0.507123972	-0.512801657	0.076439273	0.961748041	1.934222882	1.425151318	-0.192881336	-0.61513221	-1.045812052	-0.820316788
Q99LB2	-0.309201264	-0.733349678	-0.751001819	-1.461664477	1.214151677	0.374333783	2.006889417	0.696673148	-0.133257479	-1.057304294	0.519251546	-0.365520559
P51660	-0.380446661	-1.327373431	-0.396658447	-0.793392459	1.170604086	0.950375202	2.02642846	0.661738981	-0.116880676	-0.881709349	-0.081427663	-0.831258043
Q80XL6	-0.279271561	-1.288106038	-0.271743805	-0.601052005	0.627450329	0.658304376	2.283667656	0.955287155	-0.202397338	-0.837174782	0.018401902	-1.063365889
O35459	-0.066686898	-1.369707115	-0.530225311	-1.128385286	0.137810287	0.889659116	1.956929618	1.326502672	0.048612002	-0.856382401	0.212084178	-0.620210862
Q9DBN5	-0.26061822	-1.496178944	-0.49958623	-1.204772225	0.577067379	1.072421412	1.944121901	0.980750502	-0.07568829	-0.8573218	-0.016193606	-0.164001879
Q9DBK0	-1.173710909	-1.04675472	-0.107212801	-1.230240187	0.776699409	0.839388837	2.164600931	0.650659359	-0.345794568	-0.592612872	0.269297159	-0.204319637
O70152	-1.42555529	-0.586155162	-0.088392116	-1.201429891	0.296715068	1.054394768	1.661446473	1.326718879	-0.252682961	-0.858499831	0.606379757	-0.532939694
P47740	-0.962381301	-1.136726885	-0.717659372	-1.101142692	0.839446655	0.90762036	1.62002671	1.387885838	0.075561047	-0.554094599	0.367523088	-0.726058851
Q9Z0K8	-1.060964538	-1.185322614	-0.675069715	-1.21249257	0.427005386	1.275281677	1.64187264	1.292374188	0.162603289	-0.580659933	-0.013445996	-0.071181813
Q9QWR8	-0.984028051	0.128314256	-0.648776644	-0.617728177	0.67106442	0.431504417	2.506044268	0.690485347	-1.061212766	-0.777344992	-0.294669847	-0.043652232
Q99K85	-1.084726347	-0.506609623	0.019524752	-1.084726347	0.591685624	0.926694988	2.384958621	0.317357162	-1.084726347	0.121841444	-0.200981172	-0.400292754
Q9DBM2	-0.477126613	-0.852720071	-0.429978166	-0.706856831	1.335481249	0.744383347	2.34074582	0.000101456	-0.834507027	-0.491903983	0.138218457	-0.765837637
E9Q236	-0.757519503	-0.757519503	-0.042935706	-0.757519503	0.609352515	1.177121459	2.386907002	0.120979167	-0.757519503	-0.757519503	0.293692578	-0.757519503
Q9QYR9	0.049007875	-0.415891332	-0.121775701	-0.723560136	0.767700211	0.5459665	2.157838596	0.92350487	-1.309994334	-0.971913559	0.191117603	-1.092000592
P50544	-0.486203491	-0.606093937	-0.006372243	-1.319966762	0.452742651	0.441203359	1.929984915	1.299290666	-1.247786076	-0.504810089	0.741052671	-0.693041665
Q9JHU4	-0.576054908	-1.074642264	0.127592641	-1.719683721	1.118870452	0.267554957	1.580956904	1.385490001	-0.822447304	-0.336852187	0.080054546	-0.030839118
Q9WUQ2	-0.564186985	-1.226054217	0.333782575	-1.467572575	2.171891592	0.355353677	0.869845565	0.828906978	-0.249694987	-0.27465021	-0.693826089	-0.083795326
Q91YW3	0.200930283	-0.875123098	-0.582625087	-1.63804735	1.442097433	0.705996453	1.184757206	1.090450168	-0.720420605	0.161127804	-1.186618958	0.217475749
P31996	-0.33299585	-0.512323166	-0.431740683	-1.590614938	1.839283563	0.049951441	1.688090612	0.745970428	-0.251780899	0.155856594	-0.910639442	-0.44905766
Q8BTZ5	0.115455123	-0.156111415	-0.752773665	-1.815805434	1.639390271	0.444698654	1.615517444	0.717825909	-0.5745863	-0.033298012	-0.734916184	-0.465396391
Q9D0F3	0.10201571	-0.85966253	-0.16965206	-1.299636963	0.518395888	1.265914338	1.04254323	1.388022487	-1.096109861	-0.670261078	-1.103937557	0.882368396
Q8CCH2	-0.134380736	-1.688171737	0.049132968	-1.430785537	0.561116607	0.876974682	0.976264537	1.789262079	-0.396251363	-0.728478014	-0.209758294	0.335074808
Q922R8	-0.513430576	-1.345785103	-0.220285153	-1.282594791	0.609931549	0.995110054	0.862709441	1.855817103	-0.889744347	-0.554455999	-0.241083914	0.723811736
P47963	0.108424738	-1.89232275	-0.154915149	-1.061051555	0.85156472	0.59110028	0.620405122	1.820633087	-0.191884658	-0.54193097	-0.830523804	0.680500939
P14211	-0.670519535	-1.135219594	0.284148452	-0.664103783	0.771207567	0.331345991	1.981131403	0.925832189	-0.761606498	-0.994792329	-0.950603003	0.88317914
Q9JKR6	-0.290763411	-0.49809116	0.128779298	-0.7063985	0.485530557	0.684692507	1.775188187	1.590365967	-1.000926005	-0.969671308	-1.343031296	0.144325164
Q5FW60	-0.477295329	-1.000227316	-0.295013123	-0.571513554	0.930288178	0.596954719	1.938526717	1.459263869	-0.87071688	-0.825725695	-0.899309294	0.014767708
P00493	0.018342504	-1.042744487	-0.756377802	-0.88178411	1.938843818	0.605288076	1.179487469	0.587645951	-0.547448345	-0.671301495	-1.178800168	0.74884859
O08807	0.863424419	-0.631058348	-0.425356486	-0.97411958	1.236615856	1.180181681	1.240121827	0.370034537	0.017547384	-1.282052656	-1.576460578	-0.018878056
P18242	-0.71919234	-1.141295198	-1.361769469	-0.281152377	1.01559745	1.342242897	1.888818427	0.360234285	-0.827950371	-0.1488706	-0.045997207	-0.080665497
Q9DBE0	-1.379994498	-1.302977626	-1.153870704	-0.281006701	1.262183599	1.034623393	1.444193858	0.80440971	-0.526748339	-0.279690609	0.475527541	-0.096649625
P50429	-0.91185948	-1.123366194	-0.906055648	-1.003174145	1.304663623	1.144199695	1.527135344	0.719052011	-0.752231593	-0.487466125	0.62903857	-0.139936059
Q8BP56	-1.128817056	-0.880692769	-0.88002408	-1.272057711	1.577477616	0.928704916	1.25840794	0.628183977	-0.82157423	0.656115079	-0.278640178	0.212916498
P12265	-1.172532615	-0.692008399	-1.425482554	-0.451779778	0.908267459	0.575627864	1.913049116	1.127922393	-0.765986687	0.152359424	-0.399058522	0.229622298
P23780	-1.208182271	-0.85908224	-0.993113194	-0.771297781	1.294938368	0.270984058	2.136973246	0.863144535	-0.273417086	-0.245118498	-0.130244545	-0.085584591
Q9WVL3	-1.061724772	-1.770663741	-0.726088682	0.316835646	1.271515563	1.527745263	0.805916911	0.44588238	-0.582296827	-0.119539878	-0.743603927	0.636022064
Q923D2	-1.139664199	-1.195311611	-1.150334367	-0.464950966	1.08156619	0.890011431	1.773743006	0.933072047	0.022692357	0.357521362	-0.477678909	-0.630666341
P97494	-0.576637439	-0.945752737	-1.274288946	-0.725634449	1.19932256	0.739824614	2.108239352	0.700005923	0.148316015	-0.274459409	-0.573254574	-0.52568091
Q61646	-0.568656253	-0.921385798	-0.727704475	-0.586952436	1.116088118	0.80310825	2.444141812	0.170365874	-0.455559297	-0.076129631	-0.853617928	-0.343698235
Q99L45	-0.292553539	-0.518672362	-1.935656017	-0.926156997	0.809158373	0.830862469	1.80789288	0.825589412	-0.197912726	-0.108502239	-0.717787925	0.423738671
P11499	-1.258559746	-0.444334035	-1.777306703	0.567242261	0.704806558	0.602622383	1.904253846	0.462191639	-0.468044268	-0.429474906	-0.490920103	0.627523074
